$ANSIBLE_VAULT;1.1;AES256
34303538636631336463393635373965303264623733356235393134356163346330313261646566
3934353662653262376538393862373062623838663665660a636434653531333131363262613561
64663666633834363565343736646366646634616236623462663932646163633030336337353736
3734333732323339610a653038643335303338643239373461613831353962306437313230356461
63643164346165346236616166613433633837346264393832643664343534343433626635363761
35663934353439303434346331313034363561303838363733343033376361373539666463653566
63363636666266356264646466333537353265636561346237313738303934316238633236626432
62363362666363323837636431366639393963626532333336303366383065323637623362633062
61363037343434346662663666343139623239393136393163623061633837666266316336336534
35386330353235626530643935333533613438326461386533393335383533393831323563333537
31663065373131376230643261376137306431393063323935666530383738346264386132323266
36323532376332356532623335623261313738343333323936323131666365376631393364373032
39383337646134383934303232613164393539393165393830633463373537386265633039646566
3362633530373036646464343465353962333331623330663461
